{
  "camera_angle_x": 1.1020364532923492,
  "camera_angle_y": 0.8502758532376281,
  "fl_x": 820.1695778030016,
  "fl_y": 834.8990614751316,
  "k1": 0.05009090007923493,
  "k2": -0.04519766136216325,
  "k3": 0,
  "k4": 0,
  "p1": -6.515528420870671e-05,
  "p2": 0.0066378736266358,
  "is_fisheye": false,
  "cx": 521.9521216214691,
  "cy": 370.8340900728646,
  "w": 1008.0,
  "h": 756.0,
  "aabb_scale": 16,
  "frames": [
    {
      "file_path": "./llff/images/image016.png",
      "sharpness": 1551.0769211362947,
      "transform_matrix": [
        [
          -0.03798871979704458,
          0.04232683839126705,
          0.9983813172201329,
          3.9333530138192407
        ],
        [
          0.9992649319825941,
          -0.0035364928336810973,
          0.038172273235621376,
          0.15787276887351478
        ],
        [
          0.005146480056535867,
          0.9990975630756322,
          -0.04216137830420439,
          -0.1967828452070447
        ],
        [
          0.0,
          0.0,
          0.0,
          1.0
        ]
      ]
    },
    {
      "file_path": "./llff/images/image004.png",
      "sharpness": 856.0973367384998,
      "transform_matrix": [
        [
          -0.06223801891593442,
          -0.004708075458848327,
          0.998050246399429,
          3.955889426857065
        ],
        [
          0.9980409640433615,
          0.006097387094084402,
          0.06226620085503363,
          0.30012065530035287
        ],
        [
          -0.006378652182376134,
          0.9999703452068578,
          0.004319363271697085,
          0.10190884177338881
        ],
        [
          0.0,
          0.0,
          0.0,
          1.0
        ]
      ]
    },
    {
      "file_path": "./llff/images/image011.png",
      "sharpness": 944.1172424437444,
      "transform_matrix": [
        [
          0.1120874216525095,
          0.015563970764936645,
          0.9935764489818959,
          4.003018965254103
        ],
        [
          0.9936887656692969,
          0.0026420634743610336,
          -0.1121414712668717,
          -0.4502192899940412
        ],
        [
          -0.004370458875808411,
          0.9998753696906612,
          -0.015169602255928614,
          -0.06734319931575823
        ],
        [
          0.0,
          0.0,
          0.0,
          1.0
        ]
      ]
    },
    {
      "file_path": "./llff/images/image010.png",
      "sharpness": 1499.630138283863,
      "transform_matrix": [
        [
          0.19849627859423927,
          0.009116294004302812,
          0.9800592707441849,
          3.9984372650031728
        ],
        [
          0.9801016229095829,
          -0.002004719929721262,
          -0.19848622637879407,
          -0.8167812822499627
        ],
        [
          0.00015528570073003434,
          0.9999564085884382,
          -0.009332823914484912,
          -0.09469892480962949
        ],
        [
          0.0,
          0.0,
          0.0,
          1.0
        ]
      ]
    },
    {
      "file_path": "./llff/images/image008.png",
      "sharpness": 1487.4295652571477,
      "transform_matrix": [
        [
          0.16054566224735367,
          -0.013458391234242568,
          0.9869366731901669,
          4.002065653157229
        ],
        [
          0.9870282272564596,
          0.0027766877735118005,
          -0.1605227043030223,
          -0.5978881852096167
        ],
        [
          -0.0005800378302926454,
          0.9999055950416641,
          0.013729597073607009,
          0.03893025710214986
        ],
        [
          0.0,
          0.0,
          0.0,
          1.0
        ]
      ]
    },
    {
      "file_path": "./llff/images/image017.png",
      "sharpness": 1585.0512539338122,
      "transform_matrix": [
        [
          0.07025053634674476,
          0.03376554064312611,
          0.9969577352294425,
          3.9405162180144466
        ],
        [
          0.9972021366476993,
          0.023221763443858876,
          -0.0710542423801972,
          -0.18688407581773422
        ],
        [
          -0.025550302782179415,
          0.9991599858184528,
          -0.03203972517060812,
          -0.19783082154994422
        ],
        [
          0.0,
          0.0,
          0.0,
          1.0
        ]
      ]
    },
    {
      "file_path": "./llff/images/image007.png",
      "sharpness": 1645.96640201289,
      "transform_matrix": [
        [
          0.09002722166321936,
          -0.014353922969115135,
          0.9958358483304496,
          4.009099434526744
        ],
        [
          0.9959249477549345,
          0.006663893907706426,
          -0.08993921990935753,
          -0.3166158070600732
        ],
        [
          -0.005345163497375497,
          0.9998747827423425,
          0.014895361373418674,
          0.0377282729481205
        ],
        [
          0.0,
          0.0,
          0.0,
          1.0
        ]
      ]
    },
    {
      "file_path": "./llff/images/image015.png",
      "sharpness": 1432.7506162753366,
      "transform_matrix": [
        [
          -0.10441761620244416,
          0.061199651895152876,
          0.9926487512713622,
          3.9077933768158486
        ],
        [
          0.9944085228799648,
          -0.009399069766736953,
          0.10518221277851604,
          0.4290743449364462
        ],
        [
          0.015767089194051388,
          0.9980813000809688,
          -0.05987602352379935,
          -0.16411153037840276
        ],
        [
          0.0,
          0.0,
          0.0,
          1.0
        ]
      ]
    },
    {
      "file_path": "./llff/images/image002.png",
      "sharpness": 2102.2564608038606,
      "transform_matrix": [
        [
          0.0440027566583556,
          -0.024003279745274667,
          0.9987429838793257,
          3.990418291451712
        ],
        [
          0.9990244477152742,
          0.004789740076810416,
          -0.043900041208701196,
          -0.18910532528769117
        ],
        [
          -0.0037299742800595654,
          0.9997004090811253,
          0.02419062442118936,
          0.16802915005710392
        ],
        [
          0.0,
          0.0,
          0.0,
          1.0
        ]
      ]
    },
    {
      "file_path": "./llff/images/image013.png",
      "sharpness": 1704.7167128271005,
      "transform_matrix": [
        [
          -0.057878907326925744,
          0.0021947790454130735,
          0.998321177005478,
          3.9640698208922167
        ],
        [
          0.998217386819678,
          -0.01446063117298928,
          0.057904677807348315,
          0.13737477263430295
        ],
        [
          0.014563442625206749,
          0.9998930357581871,
          -0.0013539014622978927,
          -0.07748247199395228
        ],
        [
          0.0,
          0.0,
          0.0,
          1.0
        ]
      ]
    },
    {
      "file_path": "./llff/images/image003.png",
      "sharpness": 2252.752586399499,
      "transform_matrix": [
        [
          -0.05057004409667048,
          -0.01990002429747565,
          0.9985222516949654,
          3.9940346345549282
        ],
        [
          0.9986818797435283,
          0.007783767624191127,
          0.05073325944410018,
          0.14371160174849854
        ],
        [
          -0.008781858565773418,
          0.9997716635071834,
          0.019480169172266342,
          0.14462336583756502
        ],
        [
          0.0,
          0.0,
          0.0,
          1.0
        ]
      ]
    },
    {
      "file_path": "./llff/images/image014.png",
      "sharpness": 1755.8130247293664,
      "transform_matrix": [
        [
          -0.09466707790259739,
          0.04210743794861523,
          0.9946180826701859,
          3.9198760402521775
        ],
        [
          0.9954659133413701,
          -0.005290829404447982,
          0.09497175567347149,
          0.3825016605005205
        ],
        [
          0.009261371876815583,
          0.9990990761893168,
          -0.04141565361835795,
          -0.09025769154594405
        ],
        [
          0.0,
          0.0,
          0.0,
          1.0
        ]
      ]
    },
    {
      "file_path": "./llff/images/image001.png",
      "sharpness": 2550.9869246808166,
      "transform_matrix": [
        [
          0.08463259755651535,
          -0.042098915608208075,
          0.9955224915332413,
          4.001693288821378
        ],
        [
          0.9963975097528389,
          -0.0018560186369336144,
          -0.08478547970059451,
          -0.4295190091352323
        ],
        [
          0.005417084956875675,
          0.9991117469041396,
          0.04179017295782703,
          0.18960776331837542
        ],
        [
          0.0,
          0.0,
          0.0,
          1.0
        ]
      ]
    },
    {
      "file_path": "./llff/images/image012.png",
      "sharpness": 1567.2525598572722,
      "transform_matrix": [
        [
          -0.008739217065291752,
          -0.008733000996405274,
          0.9999236980062428,
          3.9912242013516357
        ],
        [
          0.9998358370705855,
          -0.015949818621608512,
          0.008599149113976592,
          -0.13673645886929517
        ],
        [
          0.01587350342034125,
          0.9998346550189009,
          0.008870957351080368,
          -0.07706234027574899
        ],
        [
          0.0,
          0.0,
          0.0,
          1.0
        ]
      ]
    },
    {
      "file_path": "./llff/images/image000.png",
      "sharpness": 2550.77816993892,
      "transform_matrix": [
        [
          0.1371818030615501,
          -0.04529517987901567,
          0.9895096954241553,
          4.007350340967352
        ],
        [
          0.9903159026871211,
          -0.015253783405197802,
          -0.13799181476007,
          -0.6795489527117996
        ],
        [
          0.021344131118756462,
          0.9988571825266818,
          0.042763995587974994,
          0.19193648551611417
        ],
        [
          0.0,
          0.0,
          0.0,
          1.0
        ]
      ]
    },
    {
      "file_path": "./llff/images/image006.png",
      "sharpness": 1627.8635400867395,
      "transform_matrix": [
        [
          0.0015146638502845952,
          -0.00999198342952433,
          0.9999489181737944,
          3.988599986747586
        ],
        [
          0.9999731198194508,
          0.007188985946156684,
          -0.0014428647621227782,
          0.04691985582598141
        ],
        [
          -0.0071742021369404965,
          0.9999242504755576,
          0.010002603974757995,
          0.022793842358846645
        ],
        [
          0.0,
          0.0,
          0.0,
          1.0
        ]
      ]
    },
    {
      "file_path": "./llff/images/image005.png",
      "sharpness": 1535.3845778315997,
      "transform_matrix": [
        [
          -0.05400995268103995,
          -0.009508377093927071,
          0.9984951295882109,
          3.964359662756838
        ],
        [
          0.9984476510371025,
          0.013112287576186283,
          0.05413225030714807,
          0.35238330117582645
        ],
        [
          -0.013607264471926703,
          0.9998688432663931,
          0.00878542223670909,
          0.012840649051458422
        ],
        [
          0.0,
          0.0,
          0.0,
          1.0
        ]
      ]
    },
    {
      "file_path": "./llff/images/image009.png",
      "sharpness": 1552.36736886507,
      "transform_matrix": [
        [
          0.21258757071074763,
          -0.014223363745739216,
          0.9770384924594067,
          3.9756048000959465
        ],
        [
          0.9770967860963049,
          -0.00652521314709874,
          -0.21269525364253558,
          -0.8232486162149271
        ],
        [
          0.009400626334759625,
          0.9998775752481301,
          0.012510423563886175,
          0.04040632333438035
        ],
        [
          0.0,
          0.0,
          0.0,
          1.0
        ]
      ]
    }
  ]
}